database
(0, 4, 1, 6)
(0.8146058006118951, 0.6856968231190483, 0.7573008219293685, 0.4539381688966299, 0.05427969992160797, 0.039318084716796875, 0.0032514333724975586)
(0, 1, 1, 9)
(0.8792887081699227, 0.9006559563917148, 0.9278599396287549, 0.7435942907146542, 0.028624381870031357, 0.01975727081298828, 0.0016369223594665527)
(5, 1, 16, 2)
(5, 1, 16, 6)
(0.9016632825553478, 0.9473724739731184, 0.9650186651936881, 0.8143209339100993, 0.021490108221769333, 0.017361164093017578, 0.001528918743133545)
(5, 8, 4, 9)
(0.8427933986909047, 0.7571918069281116, 0.8110048386294484, 0.585171994192475, 0.043171122670173645, 0.029970169067382812, 0.002324998378753662)
(3, 2, 2, 5)
(3, 1, 8, 7)
(0.89694895324552, 0.9013678835437712, 0.9361602584127062, 0.7523768197584579, 0.027486130595207214, 0.019188404083251953, 0.0016049444675445557)
(3, 8, 16, 7)
(0.6922247288450164, 0.456611321410732, 0.508196114774527, 0.2460902305552992, 0.0725780725479126, 0.05404090881347656, 0.009559869766235352)
(1, 8, 64, 2)
(7, 2, 32, 6)
(1, 2, 4, 1)
(7, 2, 32, 3)
(0.8857715256901586, 0.7122167604673025, 0.7725580097003484, 0.5219823017749903, 0.05016152933239937, 0.03479290008544922, 0.002715170383453369)
(0, 8, 32, 6)
(0.8264834287760257, 0.7809566226627004, 0.8272939391222635, 0.5888245120120084, 0.04276559501886368, 0.02962970733642578, 0.002217531204223633)
(1, 8, 2, 7)
(0.9531619076388952, 0.8899622008314627, 0.9595664373433526, 0.7670555584421724, 0.02515225112438202, 0.019922256469726562, 0.0021134614944458008)
(7, 1, 1, 7)
(0.8309622439023222, 0.7246572320322515, 0.799055345105287, 0.5428328585405761, 0.048147447407245636, 0.03199291229248047, 0.002604186534881592)
(0, 2, 1, 1)
(0.9302800064785596, 0.8804793657248527, 0.9514226351769985, 0.7280235079369981, 0.027154548093676567, 0.021686077117919922, 0.002513408660888672)
(1, 4, 16, 7)
(0.9257021821513395, 0.8862524131057686, 0.9535350842621058, 0.7129871480137664, 0.026735955849289894, 0.02561473846435547, 0.00322115421295166)
(5, 2, 2, 5)
(0.9387512891320097, 0.8918218415813602, 0.9556609067280277, 0.8095479566102756, 0.022528348490595818, 0.016248226165771484, 0.001430600881576538)
(0, 1, 32, 3)
(0.7676639316449041, 0.6555727272138036, 0.721288465818834, 0.40800100501518755, 0.05614862218499184, 0.038623809814453125, 0.004245281219482422)
(1, 2, 16, 5)
(0.8947554101095091, 0.9116689389817234, 0.956370310742195, 0.7234010746797369, 0.027146698907017708, 0.02236461639404297, 0.0025746822357177734)
(1, 1, 1, 3)
(0.9038139279900649, 0.9618388807750056, 0.9741955168964241, 0.8319051916146072, 0.018255218863487244, 0.01604175567626953, 0.001464158296585083)
(5, 2, 32, 9)
(0.9299723229854067, 0.9528628563221383, 0.971346449338248, 0.8552965091081713, 0.01743796281516552, 0.013788223266601562, 0.0013427734375)
(7, 2, 16, 2)
(7, 1, 8, 6)
(0.9256403873371051, 0.8917971713730429, 0.9549433839328362, 0.7410908235423916, 0.027004079893231392, 0.021696090698242188, 0.0026481151580810547)
(1, 8, 1, 7)
(0.958855019377737, 0.9202245795368363, 0.9714777869957161, 0.856478011829408, 0.01744084246456623, 0.013769149780273438, 0.001370936632156372)
(5, 2, 8, 1)
(5, 2, 2, 6)
(0.9120481965313553, 0.9367289266273555, 0.961709569364603, 0.7895236002437567, 0.023555297404527664, 0.018604278564453125, 0.0018312335014343262)
(1, 4, 2, 5)
(0.9220072908355961, 0.9300508092650622, 0.9634104184471621, 0.8162519174634494, 0.022091079503297806, 0.016267776489257812, 0.001456141471862793)
(0, 4, 2, 1)
(3, 1, 4, 2)
(7, 4, 64, 2)
(5, 8, 1, 2)
(0.521137386761135, 0.2988272707959037, 0.32331531089172155, 0.16207009356835814, 0.07515598088502884, 0.06025382876396179, 0.031468361616134644)
