baseline results(mp, mr, map50, map, *(loss.cpu() / len(dataloader)).tolist()):
(0.9586718274919109, 0.9257775443954726, 0.9725664135026858, 0.870728600025701, 0.01682240329682827, 0.012720108032226562, 0.0013037919998168945)
random_search results(mp, mr, map50, map, *(loss.cpu() / len(dataloader)).tolist()):
(0, 4, 1, 3)
(0.9111067653788141, 0.9627748782811134, 0.9709067101805117, 0.8612778254787646, 0.017485361546278, 0.013674736022949219, 0.0013619959354400635)
(7, 8, 8, 1)
(0.9175498773977653, 0.940490284259393, 0.9637770460358868, 0.8137105375311873, 0.022109918296337128, 0.016098976135253906, 0.0014873147010803223)
(1, 8, 1, 9)
(0.9133730809385426, 0.9458328021243145, 0.9637002575757897, 0.8162562596647266, 0.021433332934975624, 0.017482757568359375, 0.0015584230422973633)
(0, 2, 16, 7)
(0.6024785170101254, 0.41162848637352023, 0.4473012440449845, 0.2029712419885576, 0.07451160997152328, 0.053619384765625, 0.012272357940673828)
(1, 4, 1, 6)
(0.8875341298779772, 0.8974778576469612, 0.9335574570559045, 0.7034783354144293, 0.03094823658466339, 0.023080825805664062, 0.0015295743942260742)
(7, 4, 64, 7)
(0.8402920201904314, 0.7642133688551337, 0.8219010240306198, 0.5470670888710585, 0.046434350311756134, 0.03317451477050781, 0.002155601978302002)
(1, 8, 4, 3)
(0.8983651103588556, 0.9459512267371428, 0.9671861226235146, 0.8135134029678573, 0.021874457597732544, 0.017516136169433594, 0.0015066564083099365)
(7, 1, 1, 5)
(0.9538797816958808, 0.9199161629693096, 0.970842164068358, 0.7925406558427617, 0.021502293646335602, 0.018161773681640625, 0.0017699003219604492)
(3, 2, 32, 1)
(0.9562752888464949, 0.9228897330918697, 0.9709202519947204, 0.8403357812232858, 0.01810971274971962, 0.014975547790527344, 0.0014349818229675293)
(0, 1, 64, 1)
(0.9427683547873403, 0.8804690102355858, 0.9530891162477239, 0.7133549766053294, 0.026706356555223465, 0.024793148040771484, 0.0026296377182006836)
(5, 2, 2, 9)
(0.8819452858603726, 0.9079876565562884, 0.9314994751255065, 0.7458731422920173, 0.02796017751097679, 0.01927328109741211, 0.0016240477561950684)
(1, 8, 2, 2)
(0.9173281027056278, 0.9396926427443014, 0.9619246414327017, 0.8187345524875441, 0.0215291827917099, 0.015862464904785156, 0.0014820396900177002)
(7, 1, 1, 7)
(0.9091600841048836, 0.9490983638993032, 0.9677078756534512, 0.8164300856951373, 0.021816927939653397, 0.01751422882080078, 0.0015433430671691895)
(1, 4, 32, 2)
(0.94013851500082, 0.8769130821179044, 0.9501358684526524, 0.728710528617255, 0.027017802000045776, 0.021981239318847656, 0.0024663209915161133)
(1, 4, 64, 5)
(0.861316518518466, 0.7328707282225524, 0.8159056454199336, 0.5495760843864269, 0.046880584210157394, 0.035182952880859375, 0.0021018385887145996)
(1, 2, 1, 3)
(0.8472171272168291, 0.7994084715698838, 0.8406677977445638, 0.5436229403477135, 0.046838343143463135, 0.034229278564453125, 0.0021810531616210938)
(0, 8, 2, 1)
(0.7707844134602319, 0.747804777276444, 0.7828660383458836, 0.5257266373286755, 0.05037429928779602, 0.03806304931640625, 0.0029067397117614746)
(3, 4, 64, 6)
(0.9466289486420942, 0.8786417023964574, 0.9577123151702065, 0.7609829730443336, 0.025030966848134995, 0.02079153060913086, 0.002005934715270996)
(3, 8, 2, 6)
(0.9065051596992356, 0.9404044095510445, 0.9629924218043642, 0.8249462966251596, 0.021546265110373497, 0.015866756439208984, 0.0014801323413848877)
(3, 8, 64, 6)
(0.6178370434633634, 0.5312582186478039, 0.5475126804353003, 0.2747130263156833, 0.06904293596744537, 0.04900169372558594, 0.00934600830078125)
(7, 1, 8, 2)
(0.909478225515159, 0.9334010284560595, 0.9576094311936703, 0.8176783555979186, 0.021969802677631378, 0.015718936920166016, 0.0014553368091583252)
(3, 4, 2, 9)
(0.8260799093923252, 0.6439107625858029, 0.7406773618803103, 0.4479388962646924, 0.05572658032178879, 0.040348052978515625, 0.003396272659301758)
(1, 4, 64, 3)
(0.8286361246607754, 0.7797257552866609, 0.8218320920777429, 0.596521563464275, 0.04206466302275658, 0.029270172119140625, 0.0021294355392456055)
(7, 4, 64, 2)
(0.866526794162751, 0.695104678599931, 0.7714055160045739, 0.47225147236337633, 0.053350966423749924, 0.03567695617675781, 0.0028274059295654297)
(1, 4, 32, 7)
(7, 2, 2, 3)
(0.9261707358419018, 0.8328576469315786, 0.9109098909869423, 0.714492152338292, 0.03163214772939682, 0.02129507064819336, 0.0017132759094238281)
(0, 2, 8, 1)
(3, 2, 64, 3)
(1, 1, 2, 9)
(0.8560548550337886, 0.7415226503254713, 0.8069339224883401, 0.5682758441464297, 0.045491598546504974, 0.030811309814453125, 0.002434372901916504)
(5, 1, 4, 2)
(3, 1, 8, 5)
(3, 2, 1, 2)
(0.7246223108218549, 0.5733172492626064, 0.6311782145081838, 0.3411683381422244, 0.06462069600820541, 0.045894622802734375, 0.005769014358520508)
(3, 8, 32, 3)
(0.9235879029353068, 0.9512974682378197, 0.9688019077707909, 0.8487127137315108, 0.017816761508584023, 0.0138702392578125, 0.0014271140098571777)
(3, 1, 32, 2)
(0.8714391109389559, 0.7227749520613274, 0.8243186049504154, 0.5321885887368966, 0.0482320562005043, 0.03242969512939453, 0.002338886260986328)
(1, 2, 64, 6)
(0, 8, 64, 5)
(0.9197736779304454, 0.9561287849177986, 0.9694845450105958, 0.8608003871429357, 0.017406629398465157, 0.013629436492919922, 0.0013283491134643555)
(5, 8, 2, 7)
(5, 1, 32, 1)
(0.7556626691479009, 0.6939553624992543, 0.735472347240882, 0.428938048012761, 0.05485484376549721, 0.03868865966796875, 0.003654003143310547)
(0, 2, 2, 3)
(0.9173412785448793, 0.9466958786739624, 0.966914841045849, 0.8159361259263685, 0.021668249741196632, 0.017664432525634766, 0.0015157759189605713)
(5, 2, 16, 1)
(0.9514832944351621, 0.9045481103196124, 0.9635234203832145, 0.7769138894168693, 0.024095214903354645, 0.01903057098388672, 0.0018709897994995117)
(7, 2, 4, 3)
(1, 4, 2, 2)
(5, 4, 32, 7)
(0.849143181701746, 0.7005528959261235, 0.77010969982487, 0.5037058878690309, 0.051789578050374985, 0.03360557556152344, 0.0026596784591674805)
(7, 4, 8, 9)
(7, 4, 8, 9)
(3, 8, 2, 5)
(0.7478567223915031, 0.5469645138914105, 0.6167221344554341, 0.3373420221852827, 0.06546571850776672, 0.046161651611328125, 0.006018519401550293)
(5, 1, 4, 5)
(1, 4, 4, 5)
(0.8634242852077646, 0.6943150294864857, 0.7685246713502462, 0.5155108850190439, 0.049799948930740356, 0.03469657897949219, 0.0027321577072143555)
(5, 1, 4, 6)
(0.6218790734594734, 0.45458310862645024, 0.48577214832259386, 0.22806684681834716, 0.07315048575401306, 0.05470848083496094, 0.008281469345092773)
(7, 8, 4, 1)
(1, 8, 16, 6)
(7, 8, 4, 5)
(5, 8, 1, 3)
(0.8877319411352507, 0.9074871379420535, 0.9337564668254282, 0.761910326107082, 0.026393361389636993, 0.0185394287109375, 0.0016039907932281494)
(3, 2, 4, 5)
(0, 2, 2, 1)
(1, 4, 64, 3)
(5, 8, 16, 9)
(7, 1, 4, 5)
(7, 1, 1, 1)
(5, 1, 8, 3)
(3, 1, 8, 5)
(7, 1, 8, 5)
(0, 4, 1, 2)
(5, 2, 1, 5)
(1, 2, 1, 1)
(3, 2, 4, 5)
(5, 1, 16, 9)
(3, 8, 32, 3)
(0, 8, 2, 5)
(0, 4, 4, 1)
(3, 8, 8, 2)
(0, 1, 32, 2)


database
(0, 4, 1, 6)
(0.8146058006118951, 0.6856968231190483, 0.7573008219293685, 0.4539381688966299, 0.05427969992160797, 0.039318084716796875, 0.0032514333724975586)
(0, 1, 1, 9)
(0.8792887081699227, 0.9006559563917148, 0.9278599396287549, 0.7435942907146542, 0.028624381870031357, 0.01975727081298828, 0.0016369223594665527)
(5, 1, 16, 2)
(5, 1, 16, 6)
(0.9016632825553478, 0.9473724739731184, 0.9650186651936881, 0.8143209339100993, 0.021490108221769333, 0.017361164093017578, 0.001528918743133545)
(5, 8, 4, 9)
(0.8427933986909047, 0.7571918069281116, 0.8110048386294484, 0.585171994192475, 0.043171122670173645, 0.029970169067382812, 0.002324998378753662)
(3, 2, 2, 5)
(3, 1, 8, 7)
(0.89694895324552, 0.9013678835437712, 0.9361602584127062, 0.7523768197584579, 0.027486130595207214, 0.019188404083251953, 0.0016049444675445557)
(3, 8, 16, 7)
(0.6922247288450164, 0.456611321410732, 0.508196114774527, 0.2460902305552992, 0.0725780725479126, 0.05404090881347656, 0.009559869766235352)
(1, 8, 64, 2)
(7, 2, 32, 6)
(1, 2, 4, 1)
(7, 2, 32, 3)
(0.8857715256901586, 0.7122167604673025, 0.7725580097003484, 0.5219823017749903, 0.05016152933239937, 0.03479290008544922, 0.002715170383453369)
(0, 8, 32, 6)
(0.8264834287760257, 0.7809566226627004, 0.8272939391222635, 0.5888245120120084, 0.04276559501886368, 0.02962970733642578, 0.002217531204223633)
(1, 8, 2, 7)
(0.9531619076388952, 0.8899622008314627, 0.9595664373433526, 0.7670555584421724, 0.02515225112438202, 0.019922256469726562, 0.0021134614944458008)
(7, 1, 1, 7)
(0.8309622439023222, 0.7246572320322515, 0.799055345105287, 0.5428328585405761, 0.048147447407245636, 0.03199291229248047, 0.002604186534881592)
(0, 2, 1, 1)
(0.9302800064785596, 0.8804793657248527, 0.9514226351769985, 0.7280235079369981, 0.027154548093676567, 0.021686077117919922, 0.002513408660888672)
(1, 4, 16, 7)
(0.9257021821513395, 0.8862524131057686, 0.9535350842621058, 0.7129871480137664, 0.026735955849289894, 0.02561473846435547, 0.00322115421295166)
(5, 2, 2, 5)
(0.9387512891320097, 0.8918218415813602, 0.9556609067280277, 0.8095479566102756, 0.022528348490595818, 0.016248226165771484, 0.001430600881576538)
(0, 1, 32, 3)
(0.7676639316449041, 0.6555727272138036, 0.721288465818834, 0.40800100501518755, 0.05614862218499184, 0.038623809814453125, 0.004245281219482422)
(1, 2, 16, 5)
(0.8947554101095091, 0.9116689389817234, 0.956370310742195, 0.7234010746797369, 0.027146698907017708, 0.02236461639404297, 0.0025746822357177734)
(1, 1, 1, 3)
(0.9038139279900649, 0.9618388807750056, 0.9741955168964241, 0.8319051916146072, 0.018255218863487244, 0.01604175567626953, 0.001464158296585083)
(5, 2, 32, 9)
(0.9299723229854067, 0.9528628563221383, 0.971346449338248, 0.8552965091081713, 0.01743796281516552, 0.013788223266601562, 0.0013427734375)
(7, 2, 16, 2)
(7, 1, 8, 6)
(0.9256403873371051, 0.8917971713730429, 0.9549433839328362, 0.7410908235423916, 0.027004079893231392, 0.021696090698242188, 0.0026481151580810547)
(1, 8, 1, 7)
(0.958855019377737, 0.9202245795368363, 0.9714777869957161, 0.856478011829408, 0.01744084246456623, 0.013769149780273438, 0.001370936632156372)
(5, 2, 8, 1)
(5, 2, 2, 6)
(0.9120481965313553, 0.9367289266273555, 0.961709569364603, 0.7895236002437567, 0.023555297404527664, 0.018604278564453125, 0.0018312335014343262)
(1, 4, 2, 5)
(0.9220072908355961, 0.9300508092650622, 0.9634104184471621, 0.8162519174634494, 0.022091079503297806, 0.016267776489257812, 0.001456141471862793)
(0, 4, 2, 1)
(3, 1, 4, 2)
(7, 4, 64, 2)
(5, 8, 1, 2)
